fitting with C*x^alpha
C = 3786.34 +/- 16.951
alpha = -4.05767 +/- 0.0118968
chi2 = 695.682
ndof = 34
prob = 1.97939e-124
