fitting with C*x^alpha
C = 3475.04 +/- 8.14801
alpha = -4.13523 +/- 0.00622824
chi2 = 2600.3
ndof = 35
prob = 0
