fitting with C*x^alpha
C = 3785.88 +/- 16.9814
alpha = -4.05829 +/- 0.0119686
chi2 = 687.682
ndof = 24
prob = 9.65094e-130
