fitting with C*x^alpha
C = 3478.57 +/- 8.17473
alpha = -4.13034 +/- 0.00630102
chi2 = 2564.44
ndof = 24
prob = 0
