fitting with C*x^alpha
C = 3484.36 +/- 8.58035
alpha = -4.12665 +/- 0.00660627
chi2 = 2288.34
ndof = 24
prob = 0
