fitting with C*x^alpha
C = 4779.76 +/- 9.12469
alpha = -4.01651 +/- 0.00476799
chi2 = 3870.21
ndof = 32
prob = 0
