fitting with C*x^alpha
C = 4784.52 +/- 9.19598
alpha = -4.01292 +/- 0.00484509
chi2 = 3818.04
ndof = 14
prob = 0
