fitting with C*x^alpha
C = 4277.24 +/- 8.29386
alpha = -4.17045 +/- 0.00478738
chi2 = 5356.45
ndof = 24
prob = 0
